"","V1","V2","V3","V4","V5","V6","V7","V8","V9","V10","V11","V12","V13","V14"
"1",1,-0.00490339088379693,0.0233205589528608,-0.0415565755389671,-0.0870363026078336,-0.0116322255790243,-0.0267626428114359,0.0259487044528176,-0.172789383562105,-0.00216412217307438,0.0445291262881119,0.0133548651395283,0.0301062530945134,-0.0345047733431376
"2",-0.00490339088379693,1,-0.160254640313264,0.0357069229848755,0.0246290141169048,0.000674967190091633,0.0015529340007678,-0.00150571070712906,0.010026260922029,0.0148714540307985,0.225362984148354,-0.000774922047031392,-0.0017469425662904,0.0020021708131705
"3",0.0233205589528608,-0.160254640313264,1,-0.226695974122488,-0.154218587536488,-0.00137000531993247,-0.00315208514389434,0.00305623305375469,-0.020350775793508,-0.09279889806453,-0.0311637056691942,0.00157288827723083,0.00354585094953689,-0.00406390075383084
"4",-0.0415565755389671,0.0357069229848755,-0.226695974122488,1,0.298289382131235,-0.00587704819265011,-0.0135212851902289,0.0131100399817137,-0.0872994242341542,0.0210371365942321,0.0312041850987819,0.0067474342776328,0.0152107628198404,-0.0174330551107223
"5",-0.0870363026078335,0.0246290141169048,-0.154218587536488,0.298289382131235,1,-0.000636223537153683,-0.00146365190206676,0.00141911926901633,-0.0094502711958935,0.0143113149844543,0.00811225733349675,0.000730440487318444,0.00164658772908016,-0.00188714988689271
"6",-0.0116322255790243,0.000674967190091633,-0.00137000531993247,-0.00587704819265011,-0.000636223537153683,1,0.0899986602929278,0.00988555048554045,0.0673204228204321,0.000127134984032277,-0.0176306754179114,-0.159125986811752,-0.233782673340838,0.0134433949754112
"7",-0.0267626428114359,0.0015529340007678,-0.00315208514389434,-0.0135212851902289,-0.00146365190206676,0.0899986602929278,1,-0.136396862692256,0.154885673989719,0.000292510027958967,-0.0405633031639811,-0.0024627724479854,-0.0471152708036926,0.0309295337765556
"8",0.0259487044528176,-0.00150571070712906,0.00305623305375469,0.0131100399817137,0.00141911926901633,0.00988555048554045,-0.136396862692256,1,-0.150175067869607,-0.000283615059616835,0.0393296320416602,-0.177228183388385,0.0419638591048513,-0.0299888602633311
"9",-0.172789383562105,0.010026260922029,-0.020350775793508,-0.0872994242341542,-0.0094502711958935,0.0673204228204322,0.154885673989719,-0.150175067869607,1,0.00188852956839585,-0.261891912649122,-0.0772899327869484,-0.174236737094535,0.199692669953509
"10",-0.00216412217307438,0.0148714540307985,-0.09279889806453,0.0210371365942321,0.0143113149844543,0.000127134984032277,0.000292510027958967,-0.000283615059616835,0.00188852956839585,1,0.00289195754570856,-0.000145962298905639,-0.00032905106081809,0.000377125511799118
"11",0.0445291262881119,0.225362984148354,-0.0311637056691942,0.0312041850987819,0.00811225733349675,-0.0176306754179114,-0.0405633031639811,0.0393296320416602,-0.261891912649122,0.00289195754570856,1,0.0202416099189257,0.0456311924276561,-0.0522978952761343
"12",0.0133548651395283,-0.000774922047031392,0.00157288827723083,0.0067474342776328,0.000730440487318444,-0.159125986811752,-0.0024627724479854,-0.177228183388385,-0.0772899327869484,-0.000145962298905639,0.0202416099189257,1,-0.0580162912057148,-0.0154342330387529
"13",0.0301062530945134,-0.0017469425662904,0.00354585094953689,0.0152107628198404,0.00164658772908016,-0.233782673340838,-0.0471152708036926,0.0419638591048513,-0.174236737094535,-0.00032905106081809,0.0456311924276561,-0.0580162912057148,1,-0.0347937992343952
"14",-0.0345047733431376,0.0020021708131705,-0.00406390075383084,-0.0174330551107223,-0.00188714988689271,0.0134433949754112,0.0309295337765556,-0.0299888602633311,0.199692669953509,0.000377125511799118,-0.0522978952761343,-0.0154342330387529,-0.0347937992343952,1
